DN: 21 BN: 102 S: 607.897818144  
DN: 21 BN: 103 S: 544.2003341  
